505874924095815681
866260188
1186275104
262
252
0
235
1769
0
0
866260188
0
9
505874922023837696
903487807
0
22
95
158
1
3652
10276
505864943636197376
77915997
58
80
95
117
1095
740
50
3741
32400
19059
82
42
505864942575034369
13
35
600
338
340
192
150
150
765
432
82
0
77915997
3
12
505864942575034369
27
49
600
338
340
192
150
150
765
432
505864943636197400
505874920140591104
505874728897085440
114188950
114786346
0
22
1387
903
25
492
32400
12679
0
0
114188950
0
15
505874919020699648
392585658
0
22
45
67
1324
1165
99
9542
32400
369420
505759640164892673
309565423
730
200
23
5441
32400
30012
58
67
58
0
309565423
3
11
505874918198624256
753161754
217
258
8
7650
32400
20621
439430848190742528
82900665
587
623
30
1405
32400
60427
3291
1526
0
11
439430848194936832
41
63
600
450
1024
768
150
150
340
255
3291
0
17
28
82900665
3
15
439430848194936832
58
80
600
450
1024
768
150
150
340
255
439430848190742500
505874918039228416
2530194984
113
157
0
30
4472
0
0
505874915338104833
428179337
104
421
2
3257
-36000
25303
0
0
505874914897690624
505874276692406272
531544559
2364828518
28
28
0
109
32400
193
0
0
531544559
0
13
505874914591514626
2179759316
111
121
0
321
1777
505731620456771584
2179759316
1680668713
429
434
0
2488
6352
1
1
2179759316
0
11
1
0
1680668713
3
10
2179759316
12
23
505874905712189440
1330420010
4
5
1
0
9639
0
0
505874903094939648
2714526565
664
1835
0
0
597
505871615125491712
2745121514
213
991
0
0
349
58
0
58
0
2745121514
3
19
505874902390276096
2699261263
183
1126
0
0
749
505871615125491712
2745121514
213
991
0
0
349
58
0
58
0
2745121514
3
19
505874902247677954
1021030416
257
237
2
547
55417
505868866686169089
505868690588303360
333344408
359324738
0
22
9612
308
373
26
-36000
10032
7
0
333344408
12
18
359324738
20
36
505868690252779521
75
97
600
399
150
150
1024
682
340
226
505868690588303360
7
0
359324738
3
19
333344408
33
39
359324738
41
57
505868690252779521
96
118
600
399
150
150
1024
682
340
226
505868690588303360
505874901689851904
2762136439
101
985
0
0
209
505871615125491712
2745121514
213
991
0
0
349
58
0
58
0
2745121514
3
19
505874900939046912
2454426158
1274
1320
17
2314
5868
505871779949051904
1261662588
0
22
265
124
12
6762
32400
55946
29
54
15
37
29
0
29
51
1261662588
3
12
505874900561580032
1366375976
270
260
0
1384
32400
5202
0
0
505874899324248064
2704420069
857
1873
0
0
682
505871615125491712
2745121514
213
991
0
0
349
58
0
58
0
2745121514
3
19
505874898493796352
960765968
3212
3528
91
3180
32400
146935
501685228427964417
1104771276
0
22
110
132
2977
3127
64
343
32400
18021
2
0
111
133
2
0
139
140
1104771276
3
15
505874898468630528
2708607692
129
1934
0
0
641
505871615125491712
2745121514
213
991
0
0
349
58
0
58
0
2745121514
3
19
505874897633951745
2745389137
251
969
0
0
348
505871615125491712
2745121514
213
991
0
0
349
58
0
58
0
2745121514
3
19
505874896795086848
2726346560
314
1900
0
0
471
505871615125491712
2745121514
213
991
0
0
349
58
0
58
0
2745121514
3
19
505874895964626944
2759192574
80
959
1
0
219
505871615125491712
2745121514
213
991
0
0
349
58
0
58
0
2745121514
3
19
505874895079608320
2719228561
331
1867
0
0
540
505871615125491712
2745121514
213
991
0
0
349
58
0
58
0
2745121514
3
19
505874894135898112
2714772727
298
1902
1
0
595
505871615125491712
2745121514
213
991
0
0
349
58
0
58
0
2745121514
3
19
505874893347377152
2721682579
794
1913
2
0
504
505871615125491712
2745121514
213
991
0
0
349
58
0
58
0
2745121514
3
19
505874893154426881
353516742
0
22
479
510
43
3059
32400
104086
505655792733650944
126573583
0
22
59
79
110756
61
8159
25
32400
27364
221
109
221
0
126573583
3
18
505874892567244801
2762581922
37
990
0
0
212
505871615125491712
2745121514
213
991
0
0
349
58
0
58
0
2745121514
3
19
505874891778703360
2744544025
147
970
1
0
345
505871615125491712
2745121514
213
991
0
0
349
58
0
58
0
2745121514
3
19
505874891032121344
2762816814
95
996
0
0
210
505871615125491712
2745121514
213
991
0
0
349
58
0
58
0
2745121514
3
19
505874890247782401
2714167411
390
1425
0
0
609
505871615125491712
2745121514
213
991
0
0
349
58
0
58
0
2745121514
3
19
505874890218434560
2591363659
2613282517
113
185
0
157
242
0
0
119
128
2591363659
0
10
505874889392156672
2709308887
443
1851
1
0
664
505871615125491712
2745121514
213
991
0
0
349
58
0
58
0
2745121514
3
19
505874888817532928
1171299612
65
63
0
0
27219
0
0
505874888616181760
2766021865
123
978
0
0
210
505871615125491712
2745121514
213
991
0
0
349
58
0
58
0
2745121514
3
19
505874887802511361
2744683982
241
990
0
0
345
505871615125491712
2745121514
213
991
0
0
349
58
0
58
0
2745121514
3
19
505874887009767424
2763178045
187
998
0
0
210
505871615125491712
2745121514
213
991
0
0
349
58
0
58
0
2745121514
3
19
505874886225448960
2724158970
738
1838
0
0
556
505871615125491712
2745121514
213
991
0
0
349
58
0
58
0
2745121514
3
19
505874885810200576
2347898072
64
70
1
58
145
505721480261300224
856045488
267
259
2
218
1790
23
1
47
56
23
0
61
70
856045488
3
12
505874885474656256
2709561589
496
1875
1
0
687
505871615125491712
2745121514
213
991
0
0
349
58
0
58
0
2745121514
3
19
505874884627410944
2734455415
144
1915
1
0
436
505871615125491712
2745121514
213
991
0
0
349
58
0
58
0
2745121514
3
19
505874883809521664
2708183557
286
1938
0
0
650
505871615125491712
2745121514
213
991
0
0
349
58
0
58
0
2745121514
3
19
505874883322970112
1620730616
109
148
0
783
9541
0
0
505874883067129857
2278053589
0
23
5
24
0
1
199546
0
0
95
100
49
71
505874882828046336
101
123
600
450
600
450
150
150
340
255
505874882995826689
2762405780
36
985
0
0
210
505871615125491712
2745121514
213
991
0
0
349
58
0
58
0
2745121514
3
19
505874882870009856
597357105
128
126
6
2842
32400
10517
0
0
505874882228281345
18477566
0
22
83
105
591
548
93
11676
32400
130145
505855649196953600
2761692762
0
22
464
117
4
69
553
7
2
7
0
2761692762
3
13
505874882110824448
2725976444
227
1918
0
0
527
505871615125491712
2745121514
213
991
0
0
349
58
0
58
0
2745121514
3
19
505874881297133568
2713926078
301
1871
0
0
644
505871615125491712
2745121514
213
991
0
0
349
58
0
58
0
2745121514
3
19
505874880294682624
2726199583
190
474
0
0
469
505871615125491712
2745121514
213
991
0
0
349
58
0
58
0
2745121514
3
19
505874879392919552
2721453846
302
1886
0
0
508
505871615125491712
2745121514
213
991
0
0
349
58
0
58
0
2745121514
3
19
505874879103520768
2571968509
156
165
14
11926
7234
505874364596621313
1600750194
0
22
155
154
10
2115
32400
12342
2
2
2
0
1600750194
3
15
505874877933314048
2762237088
123
988
0
0
211
505871615125491712
2745121514
213
991
0
0
349
58
0
58
0
2745121514
3
19
505874877148958721
2740047343
321
1990
0
0
396
505871615125491712
2745121514
213
991
0
0
349
58
0
58
0
2745121514
3
19
505874876465295361
1886570281
1554
1772
12
0
14565
0
0
505874876318511104
2744863153
76
957
0
0
341
505871615125491712
2745121514
213
991
0
0
349
58
0
58
0
2745121514
3
19
505874875521581056
2698625690
193
1785
1
0
769
505871615125491712
2745121514
213
991
0
0
349
58
0
58
0
2745121514
3
19
505874874712072192
2714868440
243
1907
0
0
590
505871615125491712
2745121514
213
991
0
0
349
58
0
58
0
2745121514
3
19
505874874275864576
62525372
29
49
270
328
4
3283
32400
180310
505827689660313600
505774460910043136
238157843
29599253
5136
724
335
21363
32400
70897
1
1
17
39
99
121
238157843
54
68
1
0
32
54
114
136
29599253
3
13
238157843
69
83
505874873961308160
2714052962
368
1826
1
0
670
505871615125491712
2745121514
213
991
0
0
349
58
0
58
0
2745121514
3
19
505874873759977473
2281979863
719
807
7
0
7200
94782
0
0
114
136
505874873248268288
505874353716600832
535179785
226897125
0
22
296
348
3
33
32400
3293
0
0
535179785
0
14
505874873223110656
2744236873
79
973
0
0
354
505871615125491712
2745121514
213
991
0
0
349
58
0
58
0
2745121514
3
19
505874872463925248
2761782601
69
974
0
0
208
505871615125491712
2745121514
213
991
0
0
349
58
0
58
0
2745121514
3
19
505874871713157120
2725690658
195
494
0
0
477
505871615125491712
2745121514
213
991
0
0
349
58
0
58
0
2745121514
3
19
505874871616671744
2748747362
19
10
0
0
15137
0
0
75
97
505874871344066560
98
120
340
425
150
150
600
750
600
750
505874871268540416
1717603286
2417626784
0
22
198
245
1
3818
8056
0
0
128
138
1717603286
0
11
505874871218225152
1435517814
0
22
1066
1799
6
1431
32400
6333
0
0
505874871130136576
2386208737
7
2
0
0
4876
0
0
505874870933016576
2725681663
401
1877
1
0
554
505871615125491712
2745121514
213
991
0
0
349
58
0
58
0
2745121514
3
19
505874870148669440
2699667800
461
1919
0
0
728
505871615125491712
2745121514
213
991
0
0
349
58
0
58
0
2745121514
3
19
505874869339189249
2695745652
314
1943
1
0
737
505871615125491712
2745121514
213
991
0
0
349
58
0
58
0
2745121514
3
19
505874868533854209
2707963890
394
1891
0
0
642
505871615125491712
2745121514
213
991
0
0
349
58
0
58
0
2745121514
3
19
505874867997380608
2249378935
120
391
0
314
1657
0
0
833083404
1
12
505874867720183808
2719746578
238
1922
0
0
532
505871615125491712
2745121514
213
991
0
0
349
58
0
58
0
2745121514
3
19
505874866910687233
2744054334
45
966
0
0
352
505871615125491712
2745121514
213
991
0
0
349
58
0
58
0
2745121514
3
19
505874866105376769
2744261238
203
967
0
0
348
505871615125491712
2745121514
213
991
0
0
349
58
0
58
0
2745121514
3
19
505874865354584064
2759403146
67
954
0
0
219
505871615125491712
2745121514
213
991
0
0
349
58
0
58
0
2745121514
3
19
505874864603820032
2706659820
217
1806
0
0
682
505871615125491712
2745121514
213
991
0
0
349
58
0
58
0
2745121514
3
19
505874863874007040
2761896468
82
992
0
0
237
505871615125491712
2745121514
213
991
0
0
349
58
0
58
0
2745121514
3
19
505874862900924416
2744950735
84
992
0
0
343
505871615125491712
2745121514
213
991
0
0
349
58
0
58
0
2745121514
3
19
505874862397591552
505838547308277761
796000214
2256249487
415
384
3
1603
9636
0
0
796000214
0
10
505874861973991424
2698885082
618
1847
1
0
726
505871615125491712
2745121514
213
991
0
0
349
58
0
58
0
2745121514
3
19
505874861881700353
505871017428795392
141170845
2184752048
15
24
0
37249
32400
21070
0
0
141170845
0
11
505874861185437697
2706951979
300
1886
0
0
694
505871615125491712
2745121514
213
991
0
0
349
58
0
58
0
2745121514
3
19
505874860447260672
2724328646
158
1907
0
0
493
505871615125491712
2745121514
213
991
0
0
349
58
0
58
0
2745121514
3
19
505874859662925824
2704003662
340
1851
0
0
734
505871615125491712
2745121514
213
991
0
0
349
58
0
58
0
2745121514
3
19
505874858920513537
2719061228
289
1812
0
0
632
505871615125491712
2745121514
213
991
0
0
349
58
0
58
0
2745121514
3
19
505874858115219456
2744344514
124
955
0
0
346
505871615125491712
2745121514
213
991
0
0
349
58
0
58
0
2745121514
3
19
505874857335074816
2699365116
289
1156
2
0
770
505871615125491712
2745121514
213
991
0
0
349
58
0
58
0
2745121514
3
19
505874856605257728
2721907602
298
1925
0
0
540
505871615125491712
2745121514
213
991
0
0
349
58
0
58
0
2745121514
3
19
505874856089378816
1953404612
16980
16983
18
3833
32400
98655
0
0
50
55
56
70
25
47
505874855770599425
402427654
2429
15
29
0
-28800
84564
0
0
114
136
505874854877200384
2700961603
458
1895
0
0
735
505871615125491712
2745121514
213
991
0
0
349
58
0
58
0
2745121514
3
19
505874854147407872
2719489172
377
1911
1
0
536
505871615125491712
2745121514
213
991
0
0
349
58
0
58
0
2745121514
3
19
505874854134820864
505868030329364480
2286548834
2389045190
67
69
0
120
324
0
0
2286548834
0
13
505874853778685952
1319883571
0
22
677
743
1
0
32400
17210
0
0
116
138
505874852754907136
413944345
298
300
4
3125
12237
505858599411666944
2243896200
3288
3482
7
0
1570
1
0
1
0
2243896200
3
19
505874852603908096
2463035136
4
30
0
827
32400
390
505871779949051904
1261662588
0
22
265
124
12
6762
32400
55946
29
54
15
37
29
0
29
51
1261662588
3
12
505874848900341760
889332218
313
46
0
24
15707
505866670356070401
67661086
7143
779
94
364
28800
16751
4
2
57
79
505866668485386241
80
102
640
554
600
519
150
150
340
294
4
0
78
100
67661086
3
19
505866668485386241
101
123
640
554
600
519
150
150
340
294
505866670356070400
505874847260352513
1609789375
0
22
125
147
560
875
11
323
3759
0
0
53
64
30
52
505874924095815700
100
0
